acc
0.5309397257394553
0.5508487306624408
0.5741825647203346
0.5836963597230886
0.599769666017215
0.6061288868889693
0.6073807020209105
0.6098342596765309
0.6163436983656103
0.615442391467628
val_acc
0.5835732597494323
0.6047304067756972
0.6193625977269201
0.6019242331938172
0.6241731810937737
0.622970535272968
0.6205652433924121
0.6392062535910072
0.6061334936263734
0.6305872918991269
loss
0.6909083549742432
0.6849430586625445
0.6781208774256877
0.6725511382932292
0.6655056324380465
0.6601159343028975
0.6562990301940278
0.6516339600930843
0.6461074912197677
0.6437906253562299
val_loss
0.6833083502417344
0.6746503720304535
0.664838136413289
0.6610809826951247
0.6495129389355717
0.6452544187706156
0.6393952336954578
0.6323889979238045
0.6498695561058608
0.6289856282736166

