acc
0.6021731510705424
0.7306594562115066
0.7759751639892746
0.806068799762636
0.8318061188753495
0.848880877275029
0.8621501176706224
0.869410645435882
0.8755695758850333
0.882529668018627
val_acc
0.7017438364282211
0.7532571655735268
0.7943475644510575
0.803367408346045
0.8532772099094846
0.8186009219448321
0.7797153737387789
0.8598917619239164
0.8783323310448522
0.8510723590826935
loss
0.6661569641740851
0.5435218642452293
0.47866486677224046
0.4273717050905501
0.3851066147249633
0.35684207259823736
0.33106576886221956
0.31121891328621853
0.3041782280765393
0.29370824344335694
val_loss
0.577000819112285
0.4954960583732515
0.46103021508468417
0.4392431575015686
0.3440705707745123
0.4299271015682209
0.4768224167283778
0.3479323984088485
0.28914047444624186
0.33843300218428274
