acc
0.8427720194281708
0.8369135246106855
0.921736517951029
0.9316508937960042
0.9409643983776476
0.9419157778809075
0.9416654148545193
0.9455710780631916
0.9460718041189528
0.9484752891692955
val_acc
0.9534976948213185
0.9579073964032173
0.9693325315694528
0.9723391461214672
0.9745439967929445
0.9759470834763596
0.9747444377630787
0.9771497295361097
0.9773501702672996
0.977350170506244
loss
0.4374028599726038
0.45337769102485553
0.2527699525286693
0.1973023601135615
0.17068349426665141
0.15707469494483317
0.1523480792025537
0.14254322304189798
0.13809493894265676
0.13262196241985558
val_loss
0.25056598546223496
0.2521160439143656
0.154187729330179
0.11940907707259038
0.10317022657168606
0.09259032079340294
0.08695234492268823
0.0806888924628992
0.07706661261341859
0.0749857744142655
