acc
0.9081167693184921
0.9579890841720494
0.9595413349356567
0.9601422061989885
0.9630464173050924
0.9662510640428621
0.9657002653863003
0.9686044764909119
0.9704070902809073
0.9656001201742527
val_acc
0.9783523752254961
0.9811585488073762
0.9823611945206571
0.9827620765684506
0.982361194628182
0.9851673682100621
0.9837642814191221
0.9853678091801964
0.9847664861622686
0.9865704548934773
loss
0.334773152772656
0.1595503363571231
0.12556578537762525
0.11194259312281228
0.10345857460571276
0.0945335676809931
0.09526535401710326
0.08729277510378962
0.08348125412530055
0.08723236685270404
val_loss
0.1513840030407614
0.09282822789440272
0.07341845128233482
0.06297009068958075
0.05743915125530524
0.05148896684739078
0.051636338488759405
0.046791229066456705
0.04542942004796139
0.04191058876519692
