acc
0.9167793300285414
0.9601922788042662
0.9652996845425867
0.9686044764909119
0.9709078163366684
0.9722097040709028
0.9710079615442392
0.9725602123108309
0.9730108657553452
0.9735616644133994
val_acc
0.9186209661732649
0.9781519341478369
0.979555020938777
0.9813589897775106
0.9787532570582398
0.9829625175385849
0.9837642814191221
0.9815594307476448
0.9841651632518658
0.9851673681025372
loss
0.25358912510659626
0.13066759892022548
0.10930717094168034
0.09710826149680309
0.08803169560846691
0.08305273564121743
0.08292512737671949
0.07983579326897246
0.07546156050654759
0.07348508754084139
val_loss
0.2371179288364073
0.07642228283416677
0.0650902946249448
0.05817885599928871
0.06120146162125457
0.05027235073341166
0.04792074285750758
0.05084001905671053
0.04532646341818706
0.04384614766543101
