acc
0.9150267888468081
0.9649992489109208
0.9699063642281308
0.9698562916228531
0.9719593410474991
0.9726102849131241
0.9745631165189524
0.9738621000450653
0.9731610835741628
0.9751139151770066
val_acc
0.8929645220797056
0.9801563438491798
0.9835638404489878
0.9845660452996593
0.9859691320905993
0.9845660451921343
0.9823611945206571
0.9851673682100621
0.9855682501503308
0.9861695731921529
loss
0.25838578115639654
0.11333209652850794
0.08960691108761693
0.08544299042831757
0.07695749920762705
0.07256572642960753
0.07021262754874251
0.06773719144320549
0.06908065621967244
0.06597907233254253
val_loss
0.2484051186578693
0.06390114177573203
0.05143260433231991
0.04614010088330168
0.041816842636232754
0.04416029001732679
0.04860684616346712
0.04135996692508346
0.03951223671796966
0.0379880771039423
