acc
0.9014070402083021
0.9552851634870563
0.9575885033298283
0.9616944569640881
0.9623454008312052
0.9634469981488059
0.963747433781964
0.9642982324370337
0.9672024435431376
0.9662009914375845
val_acc
0.9805572257894484
0.9821607535505228
0.98296251743106
0.9831629585087192
0.9825616355983163
0.9841651633593906
0.984365604222
0.9845660452996593
0.9851673683414814
0.9851673681025372
loss
0.34548001789042687
0.1829768680474425
0.15205100328394244
0.1336793582993715
0.12181056393720338
0.11529702214687088
0.1095373861976298
0.10428516739372867
0.10034206073545955
0.09901416560581902
val_loss
0.16728722282750116
0.11115399416999794
0.0901722999804482
0.07770438194887197
0.07115493825619816
0.06525685261254752
0.0611271229343917
0.058128020974982354
0.05485415271406638
0.05218703313500113
