acc
0.8516348705653
0.8438235441390015
0.8677081768564419
0.9364077912988735
0.9474738370637424
0.9512292824595664
0.9510790646437334
0.9567873416453858
0.9587401732541988
0.9579390115667719
val_acc
0.585888955666704
0.7282020444620537
0.7434355582997851
0.956905191445021
0.9625175385848868
0.9669272399278412
0.9711365001931366
0.9723391460139423
0.9703347363125994
0.9697334134021964
loss
0.3716633921840458
0.3741126062634723
0.34369935425551756
0.17997929030788434
0.14715111184706495
0.13448975421572226
0.12611873927518483
0.11550908803098174
0.11162807294861722
0.10750037845153072
val_loss
1.0478995381579128
0.5521533883843734
0.5073287922266992
0.11485915799959553
0.09867928910154478
0.08831558105050263
0.07956882225867383
0.07733541514554992
0.08139585443311474
0.08032926734209085
