acc
0.5260627910485105
0.6336187471849082
0.6765810425146265
0.6964598668098545
0.7143357868924842
0.7238495818967305
0.738771218269471
0.7419758650072408
0.7530419107706174
0.7570477191958142
val_acc
0.5975145318269682
0.6664662257443212
0.6516335937393335
0.7348165965840104
0.732411304787085
0.7568651030598387
0.7450390858219152
0.7733012627183757
0.78492683887864
0.7957506513734168
loss
0.6911738577546119
0.6665668679068034
0.6473838115101387
0.6295454607012991
0.613531503451258
0.5977059371941413
0.5839891065450981
0.5711350576627249
0.5572519428883657
0.5461045492722689
val_loss
0.675842485116751
0.6496889990253949
0.632202279128061
0.6052971238434303
0.5885781505036675
0.5677354072826758
0.5566171285718542
0.5349140995417121
0.5179454926427511
0.5026186188516026
