acc
0.8692604276215413
0.9543838565920585
0.9621451104100947
0.9597416253582596
0.96309648991037
0.9650993941229684
0.9669020079144562
0.9682539682539683
0.9661509188323069
0.9682038956486906
val_acc
0.9767488473568968
0.982361194628182
0.9841651633593906
0.9845660451921343
0.9861695730607336
0.9861695730607336
0.9871717779114051
0.987773100714283
0.9875726598516736
0.987773100821808
loss
0.46048843247597626
0.2341301083530436
0.16513659971709793
0.14264290004850752
0.12221876523967594
0.11211658219212876
0.10350271812468285
0.10069340049390782
0.09798368016893687
0.09359828814531007
val_loss
0.26539869291685847
0.1514536556021487
0.10880768660804652
0.08866719169794951
0.0758938156949432
0.06784235919781118
0.06146407678221552
0.05797045397439493
0.05449386389795777
0.0513660051175004
